1 0.5458333333333333 0.2847222222222222 0.12916666666666668 0.22916666666666666
1 0.475 0.4930555555555556 0.15 0.2152777777777778
1 0.09583333333333334 0.4236111111111111 0.14583333333333334 0.2222222222222222
1 0.15833333333333333 0.2013888888888889 0.15416666666666667 0.24305555555555555
1 0.32916666666666666 0.10416666666666667 0.12916666666666668 0.18055555555555555
1 0.8125 0.3958333333333333 0.1625 0.2638888888888889
1 0.6458333333333334 0.4305555555555556 0.14166666666666666 0.2222222222222222
1 0.5791666666666667 0.625 0.125 0.2361111111111111
1 0.7125 0.6319444444444444 0.14583333333333334 0.2222222222222222
1 0.8625 0.6458333333333334 0.15833333333333333 0.2222222222222222
1 0.38333333333333336 0.8333333333333334 0.1375 0.22916666666666666
1 0.30833333333333335 0.625 0.13333333333333333 0.19444444444444445
1 0.4375 0.6666666666666666 0.11666666666666667 0.16666666666666666
1 0.6458333333333334 0.8263888888888888 0.11666666666666667 0.2152777777777778
1 0.7833333333333333 0.8333333333333334 0.12916666666666668 0.2222222222222222
1 0.9125 0.8402777777777778 0.13333333333333333 0.22916666666666666
1 0.24583333333333332 0.8055555555555556 0.14166666666666666 0.22916666666666666
1 0.1625 0.6111111111111112 0.13333333333333333 0.2152777777777778
1 0.05416666666666667 0.625 0.09166666666666666 0.2152777777777778
1 0.1125 0.8194444444444444 0.12916666666666668 0.25
1 0.2375 0.4166666666666667 0.10833333333333334 0.19444444444444445
1 0.35833333333333334 0.4513888888888889 0.0875 0.19444444444444445
1 0.4166666666666667 0.2638888888888889 0.1125 0.2222222222222222
1 0.29583333333333334 0.2638888888888889 0.1 0.18055555555555555