1 0.525 0.2743055555555556 0.15 0.2569444444444444
1 0.475 0.5 0.16666666666666666 0.25
1 0.09375 0.53125 0.16666666666666666 0.2569444444444444
1 0.13541666666666666 0.2951388888888889 0.175 0.2777777777777778
1 0.29375 0.1527777777777778 0.14583333333333334 0.2152777777777778
1 0.7979166666666667 0.3159722222222222 0.18333333333333332 0.3055555555555556
1 0.6375 0.3923611111111111 0.1625 0.2569444444444444
1 0.5895833333333333 0.6041666666666666 0.14583333333333334 0.2638888888888889
1 0.7229166666666667 0.5763888888888888 0.16666666666666666 0.2569444444444444
1 0.8708333333333333 0.5486111111111112 0.17916666666666667 0.2638888888888889
1 0.4166666666666667 0.8611111111111112 0.15833333333333333 0.2638888888888889
1 0.3229166666666667 0.6736111111111112 0.15 0.22916666666666666
1 0.45416666666666666 0.6805555555555556 0.12916666666666668 0.19444444444444445
1 0.675 0.7847222222222222 0.1375 0.24305555555555555
1 0.8104166666666667 0.7569444444444444 0.15 0.25
1 0.93125 0.7291666666666666 0.1375 0.2638888888888889
1 0.27708333333333335 0.8680555555555556 0.1625 0.2638888888888889
1 0.17708333333333334 0.6979166666666666 0.15 0.25
1 0.07083333333333333 0.7395833333333334 0.1125 0.2361111111111111
1 0.14583333333333334 0.8888888888888888 0.15 0.2222222222222222
1 0.23333333333333334 0.4861111111111111 0.125 0.2222222222222222
1 0.35625 0.4895833333333333 0.10416666666666667 0.2152777777777778
1 0.3958333333333333 0.2881944444444444 0.13333333333333333 0.25
1 0.27708333333333335 0.3194444444444444 0.11666666666666667 0.2013888888888889