1 0.5479166666666667 0.2847222222222222 0.13333333333333333 0.2361111111111111
1 0.475 0.4930555555555556 0.15416666666666667 0.2222222222222222
1 0.09583333333333334 0.4131944444444444 0.15 0.22916666666666666
1 0.1625 0.1909722222222222 0.15833333333333333 0.25
1 0.3333333333333333 0.10069444444444445 0.12916666666666668 0.1875
1 0.8145833333333333 0.40625 0.16666666666666666 0.2708333333333333
1 0.6458333333333334 0.4340277777777778 0.14583333333333334 0.22916666666666666
1 0.5770833333333333 0.6284722222222222 0.12916666666666668 0.24305555555555555
1 0.7104166666666667 0.6388888888888888 0.15 0.22916666666666666
1 0.8604166666666667 0.65625 0.1625 0.22916666666666666
1 0.37916666666666665 0.8298611111111112 0.14166666666666666 0.2361111111111111
1 0.30625 0.6180555555555556 0.13333333333333333 0.2013888888888889
1 0.4354166666666667 0.6631944444444444 0.11666666666666667 0.16666666666666666
1 0.6416666666666667 0.8298611111111112 0.12083333333333333 0.2152777777777778
1 0.7791666666666667 0.8402777777777778 0.13333333333333333 0.22916666666666666
1 0.9083333333333333 0.8506944444444444 0.1375 0.2361111111111111
1 0.24166666666666667 0.7986111111111112 0.14583333333333334 0.2361111111111111
1 0.16041666666666668 0.6006944444444444 0.1375 0.2222222222222222
1 0.052083333333333336 0.6111111111111112 0.09583333333333334 0.2152777777777778
1 0.10833333333333334 0.8090277777777778 0.13333333333333333 0.2569444444444444
1 0.2375 0.4097222222222222 0.10833333333333334 0.19444444444444445
1 0.35833333333333334 0.4479166666666667 0.0875 0.19444444444444445
1 0.41875 0.2604166666666667 0.11666666666666667 0.2222222222222222
1 0.29791666666666666 0.2569444444444444 0.1 0.18055555555555555