1 0.7041666666666667 0.5741626794258373 0.19166666666666668 0.3253588516746411
1 0.49583333333333335 0.5550239234449761 0.2125 0.3444976076555024
1 0.2791666666666667 0.5885167464114832 0.2916666666666667 0.33014354066985646
1 0.5145833333333333 0.9258373205741627 0.1625 0.14832535885167464
1 0.7145833333333333 0.9114832535885168 0.20416666666666666 0.17703349282296652
1 0.8208333333333333 0.215311004784689 0.2791666666666667 0.42105263157894735
1 0.45416666666666666 0.19617224880382775 0.3625 0.36363636363636365
1 0.09166666666666666 0.5215311004784688 0.17916666666666667 0.22009569377990432
1 0.19583333333333333 0.32057416267942584 0.14583333333333334 0.14354066985645933
1 0.20416666666666666 0.1339712918660287 0.15833333333333333 0.24401913875598086
1 0.9 0.5263157894736842 0.18333333333333332 0.3014354066985646
1 0.9 0.7894736842105263 0.16666666666666666 0.23444976076555024
1 0.90625 0.9401913875598086 0.17916666666666667 0.11961722488038277