1 0.05 0.6296296296296297 0.1 0.5740740740740741
1 0.10416666666666667 0.6944444444444444 0.058333333333333334 0.4722222222222222
1 0.23125 0.6435185185185185 0.22916666666666666 0.6481481481481481
1 0.23333333333333334 0.7592592592592593 0.10833333333333334 0.39814814814814814
1 0.35625 0.7407407407407407 0.15 0.37037037037037035
1 0.46875 0.5416666666666666 0.1625 0.5
1 0.6583333333333333 0.41203703703703703 0.15833333333333333 0.2777777777777778
1 0.6208333333333333 0.6064814814814815 0.1375 0.21296296296296297
1 0.6041666666666666 0.8055555555555556 0.16666666666666666 0.3888888888888889
1 0.88125 0.3888888888888889 0.14166666666666666 0.21296296296296297
1 0.8666666666666667 0.5416666666666666 0.14166666666666666 0.16666666666666666
1 0.9208333333333333 0.6574074074074074 0.15416666666666667 0.25
1 0.8333333333333334 0.7685185185185185 0.125 0.2777777777777778
1 0.89375 0.8518518518518519 0.19583333333333333 0.2962962962962963