1 0.15625 0.5886699507389163 0.20416666666666666 0.6403940886699507
1 0.36875 0.7192118226600985 0.2125 0.5615763546798029
1 0.6375 0.7216748768472906 0.29583333333333334 0.5517241379310345
1 0.48541666666666666 0.6699507389162561 0.2 0.46798029556650245
1 0.8 0.2832512315270936 0.24583333333333332 0.43842364532019706
1 0.60625 0.3817733990147783 0.2125 0.37438423645320196
1 0.16666666666666666 0.27832512315270935 0.175 0.270935960591133
1 0.27291666666666664 0.3497536945812808 0.125 0.2315270935960591
1 0.30416666666666664 0.43349753694581283 0.11666666666666667 0.12807881773399016
1 0.3875 0.2044334975369458 0.36666666666666664 0.12807881773399016
1 0.5020833333333333 0.7093596059113301 0.13333333333333333 0.5763546798029556