1 0.37083333333333335 0.09027777777777778 0.09166666666666666 0.18055555555555555
1 0.25416666666666665 0.06944444444444445 0.09166666666666666 0.1388888888888889
1 0.2916666666666667 0.2326388888888889 0.0875 0.22916666666666666
1 0.35 0.28125 0.0875 0.24305555555555555
1 0.17083333333333334 0.21875 0.10416666666666667 0.2777777777777778
1 0.13958333333333334 0.03819444444444445 0.07083333333333333 0.0763888888888889
1 0.4354166666666667 0.5104166666666666 0.1 0.25
1 0.4395833333333333 0.75 0.11666666666666667 0.2569444444444444
1 0.64375 0.4305555555555556 0.1125 0.2847222222222222
1 0.7375 0.875 0.11666666666666667 0.25
1 0.80625 0.25 0.1125 0.2569444444444444
1 0.5833333333333334 0.1875 0.0875 0.2222222222222222
1 0.26458333333333334 0.4791666666666667 0.13333333333333333 0.3125
1 0.15625 0.7013888888888888 0.0875 0.24305555555555555