1 0.7 0.5909090909090909 0.2125 0.3397129186602871
1 0.49166666666666664 0.5550239234449761 0.23333333333333334 0.3588516746411483
1 0.275 0.5717703349282297 0.3125 0.35406698564593303
1 0.4895833333333333 0.9210526315789473 0.17083333333333334 0.15789473684210525
1 0.6895833333333333 0.916267942583732 0.2125 0.1674641148325359
1 0.8375 0.24162679425837322 0.30416666666666664 0.44019138755980863
1 0.4708333333333333 0.1937799043062201 0.38333333333333336 0.3875598086124402
1 0.09375 0.48564593301435405 0.1875 0.23444976076555024
1 0.20833333333333334 0.2966507177033493 0.15416666666666667 0.15311004784688995
1 0.22708333333333333 0.11961722488038277 0.17083333333333334 0.23923444976076555
1 0.8979166666666667 0.5574162679425837 0.2 0.3157894736842105
1 0.88125 0.8205741626794258 0.17916666666666667 0.24880382775119617
1 0.8770833333333333 0.9521531100478469 0.1875 0.09569377990430622