1 0.5 0.5 1 1
1 0.5746753246753247 0.5333333333333333 0.36363636363636365 0.3
1 0.38636363636363635 0.33958333333333335 0.42207792207792205 0.20833333333333334
1 0.3409090909090909 0.5166666666666667 0.2922077922077922 0.26666666666666666
1 0.6136363636363636 0.7416666666666667 0.2987012987012987 0.26666666666666666
1 0.6461038961038961 0.19375 0.4675324675324675 0.16666666666666666
1 0.672077922077922 0.30416666666666664 0.38961038961038963 0.19583333333333333
1 0.7597402597402597 0.48125 0.2727272727272727 0.25
1 0.8051948051948052 0.7041666666666667 0.24675324675324675 0.23333333333333334
1 0.24025974025974026 0.5583333333333333 0.2922077922077922 0.2625
1 0.14935064935064934 0.3770833333333333 0.2987012987012987 0.25416666666666665
1 0.2792207792207792 0.75625 0.2792207792207792 0.2916666666666667
1 0.39285714285714285 0.7375 0.2532467532467532 0.25833333333333336
1 0.9058441558441559 0.4895833333333333 0.18831168831168832 0.2708333333333333