1 0.7 0.5861244019138756 0.20416666666666666 0.3349282296650718
1 0.49375 0.5550239234449761 0.22916666666666666 0.3588516746411483
1 0.275 0.5741626794258373 0.30833333333333335 0.3492822966507177
1 0.49375 0.9234449760765551 0.17083333333333334 0.15311004784688995
1 0.69375 0.9138755980861244 0.2125 0.1722488038277512
1 0.8333333333333334 0.23444976076555024 0.3 0.4354066985645933
1 0.46875 0.1937799043062201 0.37916666666666665 0.3827751196172249
1 0.09166666666666666 0.49760765550239233 0.18333333333333332 0.22966507177033493
1 0.20416666666666666 0.3014354066985646 0.15416666666666667 0.15311004784688995
1 0.21875 0.12200956937799043 0.17083333333333334 0.24401913875598086
1 0.8979166666666667 0.5502392344497608 0.19583333333333333 0.31100478468899523
1 0.8854166666666666 0.8133971291866029 0.17916666666666667 0.24401913875598086
1 0.8833333333333333 0.9497607655502392 0.18333333333333332 0.10047846889952153