3 0.05416666666666667 0.558282208588957 0.1 0.2822085889570552
3 0.11875 0.3834355828220859 0.15 0.3067484662576687
3 0.18125 0.6656441717791411 0.15416666666666667 0.25153374233128833
3 0.25 0.4539877300613497 0.12916666666666668 0.3987730061349693
3 0.35625 0.3282208588957055 0.15833333333333333 0.32515337423312884
3 0.36875 0.6288343558282209 0.1375 0.3006134969325153
3 0.47708333333333336 0.6993865030674846 0.12916666666666668 0.3312883435582822
3 0.4708333333333333 0.4294478527607362 0.14583333333333334 0.3496932515337423
3 0.5645833333333333 0.2607361963190184 0.16666666666666666 0.3558282208588957
3 0.5833333333333334 0.5797546012269938 0.10416666666666667 0.294478527607362
3 0.68125 0.7116564417177914 0.12083333333333333 0.24539877300613497
3 0.6958333333333333 0.4233128834355828 0.15833333333333333 0.34355828220858897
3 0.8104166666666667 0.3098159509202454 0.12083333333333333 0.3312883435582822
3 0.7833333333333333 0.5766871165644172 0.12916666666666668 0.3006134969325153
3 0.9145833333333333 0.6411042944785276 0.11666666666666667 0.294478527607362
3 0.9270833333333334 0.3987730061349693 0.14166666666666666 0.4049079754601227