3 0.05416666666666667 0.5122699386503068 0.10416666666666667 0.2883435582822086
3 0.125 0.34662576687116564 0.15833333333333333 0.3128834355828221
3 0.175 0.6319018404907976 0.15833333333333333 0.25766871165644173
3 0.2520833333333333 0.4294478527607362 0.1375 0.3987730061349693
3 0.3645833333333333 0.3159509202453988 0.16666666666666666 0.3312883435582822
3 0.3625 0.6165644171779141 0.14166666666666666 0.3067484662576687
3 0.46875 0.696319018404908 0.1375 0.3312883435582822
3 0.47291666666666665 0.4263803680981595 0.15416666666666667 0.3558282208588957
3 0.575 0.26993865030674846 0.175 0.3619631901840491
3 0.58125 0.588957055214724 0.10833333333333334 0.3006134969325153
3 0.6708333333333333 0.7300613496932515 0.125 0.25153374233128833
3 0.6979166666666666 0.4447852760736196 0.16666666666666666 0.3496932515337423
3 0.81875 0.34355828220858897 0.12916666666666668 0.3374233128834356
3 0.7791666666666667 0.6042944785276073 0.13333333333333333 0.3067484662576687
3 0.90625 0.6809815950920245 0.12083333333333333 0.3006134969325153
3 0.9270833333333334 0.4447852760736196 0.14583333333333334 0.4110429447852761