3 0.1625 0.3829787234042553 0.325 0.5851063829787234
3 0.30416666666666664 0.3537234042553192 0.44583333333333336 0.6223404255319149
3 0.41458333333333336 0.21808510638297873 0.225 0.3829787234042553
3 0.8479166666666667 0.5079787234042553 0.30416666666666664 0.3670212765957447
3 0.8479166666666667 0.7074468085106383 0.22083333333333333 0.2553191489361702
3 0.49375 0.6303191489361702 0.5875 0.40425531914893614
3 0.475 0.42819148936170215 0.2375 0.35638297872340424
3 0.6229166666666667 0.4601063829787234 0.22916666666666666 0.2553191489361702
3 0.8791666666666667 0.2845744680851064 0.24166666666666667 0.2712765957446808
3 0.16875 0.09042553191489362 0.22916666666666666 0.18085106382978725
3 0.56875 0.19680851063829788 0.2625 0.39361702127659576
3 0.37083333333333335 0.10372340425531915 0.2833333333333333 0.2074468085106383