4 0.26344086021505375 0.5458333333333333 0.1774193548387097 0.24583333333333332
4 0.3655913978494624 0.23958333333333334 0.13440860215053763 0.14583333333333334
4 0.6155913978494624 0.3229166666666667 0.1774193548387097 0.175
4 0.23655913978494625 0.23333333333333334 0.14516129032258066 0.14166666666666666
4 0.5618279569892473 0.6333333333333333 0.1774193548387097 0.24166666666666667
4 0.31989247311827956 0.38958333333333334 0.1774193548387097 0.175
4 0.6908602150537635 0.3729166666666667 0.13978494623655913 0.09583333333333334
4 0.4543010752688172 0.39166666666666666 0.1774193548387097 0.2375
4 0.4946236559139785 0.4791666666666667 0.6720430107526881 0.65
4 0.6774193548387096 0.4979166666666667 0.2956989247311828 0.1625
4 0.6532258064516129 0.5770833333333333 0.11827956989247312 0.11666666666666667