4 0.15416666666666667 0.4041666666666667 0.30833333333333335 0.4166666666666667
4 0.42916666666666664 0.15833333333333333 0.4 0.31666666666666665
4 0.84375 0.33958333333333335 0.3125 0.32916666666666666
4 0.48333333333333334 0.4791666666666667 0.325 0.5
4 0.19375 0.08958333333333333 0.24583333333333332 0.17916666666666667
4 0.26458333333333334 0.7958333333333333 0.3416666666666667 0.35833333333333334
4 0.7458333333333333 0.6729166666666667 0.325 0.4375
4 0.07291666666666667 0.7291666666666666 0.14583333333333334 0.3
4 0.7625 0.10208333333333333 0.24166666666666667 0.15416666666666667
4 0.5208333333333334 0.9395833333333333 0.24166666666666667 0.12083333333333333
4 0.5 0.5 1 1
4 0.7875 0.8875 0.2916666666666667 0.225