4 0.26344086021505375 0.5375 0.1774193548387097 0.24583333333333332
4 0.3763440860215054 0.23541666666666666 0.13440860215053763 0.14583333333333334
4 0.6209677419354839 0.32708333333333334 0.1774193548387097 0.175
4 0.24731182795698925 0.225 0.14516129032258066 0.14166666666666666
4 0.5564516129032258 0.6333333333333333 0.1774193548387097 0.24166666666666667
4 0.32526881720430106 0.3854166666666667 0.1774193548387097 0.175
4 0.696236559139785 0.3770833333333333 0.13978494623655913 0.09583333333333334
4 0.4596774193548387 0.39166666666666666 0.1774193548387097 0.2375
4 0.4946236559139785 0.4791666666666667 0.6720430107526881 0.65
4 0.6774193548387096 0.5020833333333333 0.2956989247311828 0.1625
4 0.6478494623655914 0.58125 0.11827956989247312 0.11666666666666667