4 0.5 0.5 1 1
4 0.15625 0.203125 0.3 0.29375
4 0.29791666666666666 0.659375 0.3333333333333333 0.30625
4 0.8854166666666666 0.3125 0.22916666666666666 0.4375
4 0.26458333333333334 0.096875 0.1875 0.19375
4 0.16041666666666668 0.453125 0.32083333333333336 0.33125
4 0.10833333333333334 0.78125 0.21666666666666667 0.3875
4 0.6020833333333333 0.3125 0.29583333333333334 0.35625
4 0.6104166666666667 0.85625 0.3375 0.2875
4 0.7895833333333333 0.553125 0.20416666666666666 0.46875
4 0.5354166666666667 0.659375 0.30833333333333335 0.38125
4 0.6666666666666666 0.1625 0.2833333333333333 0.3125
4 0.4125 0.40625 0.31666666666666665 0.30625
4 0.43125 0.175 0.20416666666666666 0.35
4 0.8833333333333333 0.871875 0.20833333333333334 0.25625
4 0.4041666666666667 0.8625 0.25833333333333336 0.26875