4 0.13541666666666666 0.51875 0.2708333333333333 0.3875
4 0.32083333333333336 0.16875 0.3625 0.3375
4 0.80625 0.23541666666666666 0.3416666666666667 0.2875
4 0.47708333333333336 0.48541666666666666 0.2625 0.4791666666666667
4 0.0875 0.15416666666666667 0.175 0.25833333333333336
4 0.36875 0.84375 0.30416666666666664 0.3125
4 0.7875 0.5875 0.275 0.4125
4 0.12291666666666666 0.8604166666666667 0.20416666666666666 0.2791666666666667
4 0.625 0.052083333333333336 0.23333333333333334 0.10416666666666667
4 0.6625 0.9291666666666667 0.23333333333333334 0.12916666666666668
4 0.5 0.5 1 1
4 0.8854166666666666 0.8145833333333333 0.22916666666666666 0.2708333333333333