6 0.6666666666666666 0.4806201550387597 0.05416666666666667 0.09302325581395349
6 0.7666666666666667 0.4689922480620155 0.05416666666666667 0.10077519379844961
6 0.74375 0.5891472868217055 0.041666666666666664 0.10077519379844961
6 0.81875 0.5891472868217055 0.07083333333333333 0.13178294573643412
6 0.8020833333333334 0.35271317829457366 0.05 0.09302325581395349
6 0.8583333333333333 0.3333333333333333 0.029166666666666667 0.06976744186046512
6 0.6625 0.40310077519379844 0.0375 0.06976744186046512
6 0.9125 0.32945736434108525 0.041666666666666664 0.07751937984496124
6 0.43125 0.16666666666666666 0.1875 0.3333333333333333
6 0.31875 0.2751937984496124 0.17916666666666667 0.21705426356589147
6 0.1 0.7945736434108527 0.18333333333333332 0.4108527131782946
6 0.6520833333333333 0.17829457364341086 0.3125 0.35658914728682173
6 0.9208333333333333 0.08914728682170543 0.11666666666666667 0.17829457364341086
6 0.7395833333333334 0.8255813953488372 0.37083333333333335 0.32558139534883723