6 0.5445859872611465 0.51875 0.12101910828025478 0.0875
6 0.7006369426751592 0.53125 0.17197452229299362 0.1
6 0.09554140127388536 0.1375 0.1910828025477707 0.12083333333333333
6 0.37261146496815284 0.10416666666666667 0.16560509554140126 0.0875
6 0.2770700636942675 0.18333333333333332 0.15286624203821655 0.11666666666666667
6 0.21656050955414013 0.5083333333333333 0.16560509554140126 0.1375
6 0.24203821656050956 0.5895833333333333 0.22929936305732485 0.10416666666666667
6 0.3821656050955414 0.50625 0.17197452229299362 0.15416666666666667
6 0.5573248407643312 0.6958333333333333 0.1592356687898089 0.14583333333333334
6 0.8885350318471338 0.7166666666666667 0.2229299363057325 0.20833333333333334
6 0.9076433121019108 0.5625 0.1464968152866242 0.12916666666666668
6 0.6592356687898089 0.26875 0.14012738853503184 0.1
6 0.5923566878980892 0.1125 0.15286624203821655 0.09166666666666666
6 0.7547770700636943 0.14166666666666666 0.1592356687898089 0.14166666666666666