6 0.36666666666666664 0.49324324324324326 0.11666666666666667 0.21621621621621623
6 0.4791666666666667 0.4864864864864865 0.12083333333333333 0.18243243243243243
6 0.6 0.16891891891891891 0.10833333333333334 0.19594594594594594
6 0.6958333333333333 0.18243243243243243 0.1125 0.18243243243243243
6 0.225 0.31756756756756754 0.15416666666666667 0.20945945945945946
6 0.07916666666666666 0.39864864864864863 0.14166666666666666 0.21621621621621623
6 0.10833333333333334 0.16891891891891891 0.15833333333333333 0.24324324324324326
6 0.26666666666666666 0.13513513513513514 0.15416666666666667 0.2702702702702703
6 0.07083333333333333 0.722972972972973 0.13333333333333333 0.22972972972972974
6 0.3333333333333333 0.8378378378378378 0.12083333333333333 0.30405405405405406
6 0.5458333333333333 0.8885135135135135 0.18333333333333332 0.22297297297297297
6 0.7333333333333333 0.6013513513513513 0.18333333333333332 0.23648648648648649
6 0.5208333333333334 0.2905405405405405 0.12916666666666668 0.19594594594594594
6 0.5916666666666667 0.41216216216216217 0.1 0.20945945945945946
6 0.7833333333333333 0.3783783783783784 0.18333333333333332 0.22972972972972974
6 0.9375 0.5608108108108109 0.12083333333333333 0.2905405405405405
6 0.8583333333333333 0.8547297297297297 0.2 0.2905405405405405
6 0.175 0.9391891891891891 0.0875 0.12162162162162163
6 0.058333333333333334 0.9527027027027027 0.07916666666666666 0.08108108108108109
6 0.42083333333333334 0.16216216216216217 0.1625 0.2635135135135135
6 0.7666666666666667 0.060810810810810814 0.09583333333333334 0.12162162162162163
6 0.6625 0.05405405405405406 0.125 0.0945945945945946