7 0.26458333333333334 0.39375 0.1625 0.225
7 0.19791666666666666 0.090625 0.17916666666666667 0.18125
7 0.44166666666666665 0.1125 0.18333333333333332 0.225
7 0.8041666666666667 0.88125 0.175 0.2375
7 0.12083333333333333 0.671875 0.15 0.2375
7 0.3625 0.75625 0.16666666666666666 0.25
7 0.675 0.203125 0.17083333333333334 0.25
7 0.5041666666666667 0.46875 0.15833333333333333 0.24375
7 0.8791666666666667 0.2625 0.14583333333333334 0.23125
7 0.5854166666666667 0.834375 0.15833333333333333 0.225
7 0.7270833333333333 0.546875 0.15 0.225