2 0.6555555555555556 0.7166666666666667 0.2 0.125
2 0.3416666666666667 0.6458333333333334 0.13333333333333333 0.09583333333333334
2 0.19166666666666668 0.3625 0.07222222222222222 0.0875
2 0.3861111111111111 0.38125 0.10555555555555556 0.075
8 0.8222222222222222 0.5208333333333334 0.2222222222222222 0.15416666666666667
8 0.8416666666666667 0.7 0.19444444444444445 0.15833333333333333
8 0.20277777777777778 0.5729166666666666 0.17222222222222222 0.1
8 0.5194444444444445 0.45208333333333334 0.18888888888888888 0.12916666666666668
2 0.125 0.9020833333333333 0.08888888888888889 0.07083333333333333
2 0.8361111111111111 0.9520833333333333 0.15 0.09583333333333334
2 0.8944444444444445 0.41041666666666665 0.12222222222222222 0.075