2 0.7388888888888889 0.6666666666666666 0.2111111111111111 0.13333333333333333
2 0.41388888888888886 0.675 0.14444444444444443 0.1
2 0.15 0.44583333333333336 0.08333333333333333 0.09166666666666666
2 0.3388888888888889 0.41458333333333336 0.1111111111111111 0.07916666666666666
8 0.8138888888888889 0.44166666666666665 0.23333333333333334 0.16666666666666666
8 0.9027777777777778 0.6041666666666666 0.19444444444444445 0.16666666666666666
8 0.25 0.6416666666666667 0.18333333333333332 0.1125
8 0.49722222222222223 0.45 0.2 0.1375
2 0.3194444444444444 0.9666666666666667 0.09444444444444444 0.06666666666666667
2 0.9694444444444444 0.8604166666666667 0.06111111111111111 0.12916666666666668
2 0.8361111111111111 0.31875 0.12777777777777777 0.08333333333333333