1 0.5 0.5 0.9935064935064936 0.9958333333333333
1 0.564935064935065 0.5416666666666666 0.2857142857142857 0.2708333333333333
1 0.43506493506493504 0.32916666666666666 0.38311688311688313 0.1625
1 0.33766233766233766 0.49583333333333335 0.22077922077922077 0.24583333333333332
1 0.538961038961039 0.75 0.23376623376623376 0.24166666666666667
1 0.7337662337662337 0.21666666666666667 0.44155844155844154 0.11666666666666667
1 0.7272727272727273 0.32916666666666666 0.35064935064935066 0.15416666666666667
1 0.7597402597402597 0.5125 0.2077922077922078 0.22916666666666666
1 0.7402597402597403 0.7375 0.18831168831168832 0.2125
1 0.22727272727272727 0.525 0.22727272727272727 0.2375
1 0.15584415584415584 0.3333333333333333 0.3116883116883117 0.22083333333333333
1 0.2077922077922078 0.725 0.2012987012987013 0.2708333333333333
1 0.3246753246753247 0.7208333333333333 0.18181818181818182 0.24166666666666667
1 0.922077922077922 0.5416666666666666 0.14935064935064934 0.25833333333333336