1 0.05625 0.5046296296296297 0.1125 0.5833333333333334
1 0.09583333333333334 0.5833333333333334 0.08333333333333333 0.4722222222222222
1 0.225 0.5694444444444444 0.25833333333333336 0.6944444444444444
1 0.22083333333333333 0.6851851851851852 0.12916666666666668 0.4166666666666667
1 0.34375 0.6990740740740741 0.16666666666666666 0.39814814814814814
1 0.4666666666666667 0.5324074074074074 0.1875 0.5277777777777778
1 0.6625 0.4537037037037037 0.17083333333333334 0.3148148148148148
1 0.6145833333333334 0.6388888888888888 0.14166666666666666 0.24074074074074073
1 0.5833333333333334 0.8055555555555556 0.18333333333333332 0.3888888888888889
1 0.8833333333333333 0.49074074074074076 0.14583333333333334 0.24074074074074073
1 0.8604166666666667 0.6435185185185185 0.14583333333333334 0.2037037037037037
1 0.9083333333333333 0.7685185185185185 0.1625 0.28703703703703703
1 0.8145833333333333 0.8518518518518519 0.1375 0.2962962962962963
1 0.86875 0.8935185185185185 0.2125 0.21296296296296297