3 0.15 0.48404255319148937 0.24166666666666667 0.5319148936170213
3 0.2833333333333333 0.4148936170212766 0.3625 0.5319148936170213
3 0.36666666666666664 0.25 0.16666666666666666 0.34574468085106386
3 0.8541666666666666 0.40425531914893614 0.2833333333333333 0.2925531914893617
3 0.875 0.601063829787234 0.1875 0.2074468085106383
3 0.5166666666666667 0.6276595744680851 0.5583333333333333 0.25
3 0.4625 0.43617021276595747 0.1875 0.30851063829787234
3 0.6125 0.425531914893617 0.2 0.20212765957446807
3 0.8625 0.17553191489361702 0.275 0.19680851063829788
3 0.09583333333333334 0.13297872340425532 0.1875 0.26595744680851063
3 0.5125 0.18085106382978725 0.20416666666666666 0.35638297872340424
3 0.3 0.11170212765957446 0.25 0.22340425531914893