3 0.325 0.6882352941176471 0.1875 0.2411764705882353
3 0.1625 0.7647058823529411 0.20833333333333334 0.3
3 0.07083333333333333 0.8529411764705882 0.1375 0.18823529411764706
3 0.44166666666666665 0.5588235294117647 0.24583333333333332 0.28823529411764703
3 0.5083333333333333 0.4411764705882353 0.15416666666666667 0.17647058823529413
3 0.6458333333333334 0.5117647058823529 0.16666666666666666 0.2
3 0.42083333333333334 0.8705882352941177 0.13333333333333333 0.18235294117647058
3 0.425 0.7588235294117647 0.12083333333333333 0.1588235294117647
3 0.5125 0.7705882352941177 0.10833333333333334 0.19411764705882353
3 0.2375 0.48823529411764705 0.17916666666666667 0.23529411764705882
3 0.55 0.3 0.25833333333333336 0.2411764705882353
3 0.6791666666666667 0.20588235294117646 0.13333333333333333 0.17058823529411765
3 0.75 0.3 0.12916666666666668 0.17647058823529413
3 0.09583333333333334 0.1588235294117647 0.17916666666666667 0.17647058823529413