3 0.0625 0.6380368098159509 0.12083333333333333 0.3006134969325153
3 0.1125 0.4539877300613497 0.17083333333333334 0.32515337423312884
3 0.19791666666666666 0.7208588957055214 0.17083333333333334 0.27607361963190186
3 0.24791666666666667 0.5 0.1625 0.4171779141104294
3 0.34375 0.3558282208588957 0.18333333333333332 0.3496932515337423
3 0.37916666666666665 0.6533742331288344 0.15833333333333333 0.31901840490797545
3 0.49375 0.7024539877300614 0.15416666666666667 0.3496932515337423
3 0.46458333333333335 0.43558282208588955 0.17083333333333334 0.36809815950920244
3 0.54375 0.25153374233128833 0.19583333333333333 0.3803680981595092
3 0.5895833333333333 0.5644171779141104 0.125 0.3128834355828221
3 0.6979166666666666 0.6779141104294478 0.1375 0.26993865030674846
3 0.6875 0.3895705521472393 0.18333333333333332 0.36809815950920244
3 0.7916666666666666 0.25766871165644173 0.14583333333333334 0.3496932515337423
3 0.7875 0.5245398773006135 0.15 0.31901840490797545
3 0.9229166666666667 0.5644171779141104 0.1375 0.3128834355828221
3 0.9145833333333333 0.3220858895705521 0.17083333333333334 0.4233128834355828