4 0.26344086021505375 0.5416666666666666 0.17204301075268819 0.24166666666666667
4 0.3709677419354839 0.2375 0.12903225806451613 0.14583333333333334
4 0.6182795698924731 0.325 0.17204301075268819 0.17083333333333334
4 0.24193548387096775 0.22916666666666666 0.13978494623655913 0.14166666666666666
4 0.5591397849462365 0.6333333333333333 0.17204301075268819 0.2375
4 0.3225806451612903 0.3875 0.17204301075268819 0.17083333333333334
4 0.6935483870967742 0.375 0.13978494623655913 0.09583333333333334
4 0.45698924731182794 0.39166666666666666 0.17204301075268819 0.23333333333333334
4 0.4946236559139785 0.4791666666666667 0.6559139784946236 0.6416666666666667
4 0.6774193548387096 0.5 0.2903225806451613 0.15833333333333333
4 0.6505376344086021 0.5791666666666667 0.11827956989247312 0.11666666666666667