4 0.5 0.5 1 1
4 0.15 0.221875 0.29583333333333334 0.275
4 0.3020833333333333 0.66875 0.32916666666666666 0.2875
4 0.8854166666666666 0.290625 0.22916666666666666 0.425
4 0.25416666666666665 0.103125 0.18333333333333332 0.20625
4 0.15833333333333333 0.471875 0.31666666666666665 0.3125
4 0.1125 0.803125 0.2125 0.375
4 0.5979166666666667 0.309375 0.2875 0.34375
4 0.6208333333333333 0.85625 0.3333333333333333 0.2875
4 0.7916666666666666 0.5375 0.19166666666666668 0.4625
4 0.5395833333333333 0.65625 0.3 0.3625
4 0.6583333333333333 0.153125 0.2791666666666667 0.3
4 0.4083333333333333 0.409375 0.3125 0.2875
4 0.42291666666666666 0.175 0.19583333333333333 0.35
4 0.8895833333333333 0.8625 0.20416666666666666 0.275
4 0.4125 0.865625 0.25416666666666665 0.25625