4 0.6 0.15833333333333333 0.16363636363636364 0.2708333333333333
4 0.43636363636363634 0.8625 0.42424242424242425 0.2708333333333333
4 0.42424242424242425 0.4375 0.3090909090909091 0.3
4 0.6606060606060606 0.7 0.48484848484848486 0.13333333333333333
4 0.1393939393939394 0.7458333333333333 0.2727272727272727 0.2916666666666667
4 0.21818181818181817 0.22916666666666666 0.4303030303030303 0.32083333333333336
4 0.806060606060606 0.32083333333333336 0.38181818181818183 0.22916666666666666
4 0.8575757575757575 0.07291666666666667 0.28484848484848485 0.12083333333333333
4 0.18181818181818182 0.5208333333333334 0.3575757575757576 0.12083333333333333
4 0.8727272727272727 0.8875 0.2545454545454545 0.225
4 0.3151515151515151 0.0375 0.4 0.075
4 0.8424242424242424 0.5625 0.3151515151515151 0.2708333333333333