4 0.5 0.5 0.9958333333333333 0.99375
4 0.14583333333333334 0.23125 0.2916666666666667 0.26875
4 0.30416666666666664 0.675 0.325 0.28125
4 0.8833333333333333 0.28125 0.225 0.41875
4 0.25 0.10625 0.17916666666666667 0.20625
4 0.15833333333333333 0.48125 0.3125 0.30625
4 0.11666666666666667 0.8125 0.20833333333333334 0.36875
4 0.5958333333333333 0.30625 0.2833333333333333 0.3375
4 0.625 0.85625 0.32916666666666666 0.28125
4 0.7916666666666666 0.53125 0.1875 0.45625
4 0.5416666666666666 0.65625 0.29583333333333334 0.35625
4 0.6541666666666667 0.15 0.275 0.29375
4 0.4083333333333333 0.4125 0.30833333333333335 0.28125
4 0.42083333333333334 0.175 0.19166666666666668 0.35
4 0.8958333333333334 0.85625 0.2 0.275
4 0.4166666666666667 0.86875 0.25 0.25