4 0.76875 0.6464088397790055 0.15833333333333333 0.27624309392265195
4 0.12916666666666668 0.7513812154696132 0.20416666666666666 0.30386740331491713
4 0.075 0.5414364640883977 0.15 0.19889502762430938
4 0.5 0.5 1 1
4 0.8770833333333333 0.48342541436464087 0.15416666666666667 0.23204419889502761
4 0.15208333333333332 0.24033149171270718 0.2375 0.2983425414364641
4 0.56875 0.8314917127071824 0.5041666666666667 0.3370165745856354
4 0.825 0.19889502762430938 0.2 0.39779005524861877
4 0.7666666666666667 0.3867403314917127 0.17083333333333334 0.27071823204419887
4 0.6979166666666666 0.7983425414364641 0.23333333333333334 0.2596685082872928
4 0.2791666666666667 0.8425414364640884 0.15833333333333333 0.3149171270718232
4 0.6770833333333334 0.1408839779005525 0.17083333333333334 0.281767955801105