6 0.36875 0.5304054054054054 0.1375 0.24324324324324326
6 0.47708333333333336 0.49324324324324326 0.1375 0.21621621621621623
6 0.5625 0.14527027027027026 0.12916666666666668 0.22297297297297297
6 0.6583333333333333 0.13175675675675674 0.12916666666666668 0.20945945945945946
6 0.21041666666666667 0.39864864864864863 0.175 0.25
6 0.07708333333333334 0.5168918918918919 0.15416666666666667 0.25
6 0.08541666666666667 0.28378378378378377 0.17083333333333334 0.28378378378378377
6 0.23125 0.20608108108108109 0.17916666666666667 0.3108108108108108
6 0.10208333333333333 0.8412162162162162 0.15416666666666667 0.2635135135135135
6 0.37083333333333335 0.8547297297297297 0.15 0.2905405405405405
6 0.5854166666666667 0.8648648648648649 0.20416666666666666 0.2702702702702703
6 0.7416666666666667 0.5337837837837838 0.20416666666666666 0.28378378378378377
6 0.4979166666666667 0.28716216216216217 0.15 0.22972972972972974
6 0.58125 0.3885135135135135 0.12083333333333333 0.23648648648648649
6 0.7666666666666667 0.30067567567567566 0.20416666666666666 0.27702702702702703
6 0.93125 0.4358108108108108 0.1375 0.31756756756756754
6 0.8875 0.7466216216216216 0.225 0.34459459459459457
6 0.225 0.9763513513513513 0.1 0.0472972972972973
6 0.3854166666666667 0.1891891891891892 0.1875 0.30405405405405406
6 0.7125 0.033783783783783786 0.10833333333333334 0.06756756756756757
6 0.6125 0.037162162162162164 0.13333333333333333 0.07432432432432433