6 0.6645833333333333 0.5581395348837209 0.058333333333333334 0.10077519379844961
6 0.7625 0.5968992248062015 0.058333333333333334 0.10852713178294573
6 0.7229166666666667 0.7015503875968992 0.04583333333333333 0.10077519379844961
6 0.7958333333333333 0.7403100775193798 0.075 0.13178294573643412
6 0.8125 0.5 0.05416666666666667 0.10077519379844961
6 0.8708333333333333 0.5116279069767442 0.029166666666666667 0.06976744186046512
6 0.6708333333333333 0.4844961240310077 0.0375 0.06976744186046512
6 0.9229166666666667 0.5348837209302325 0.041666666666666664 0.07751937984496124
6 0.47708333333333336 0.15891472868217055 0.19583333333333333 0.3178294573643411
6 0.35625 0.1937984496124031 0.18333333333333332 0.23255813953488372
6 0.08541666666666667 0.5968992248062015 0.17083333333333334 0.4186046511627907
6 0.6958333333333333 0.24031007751937986 0.32083333333333336 0.43410852713178294
6 0.9541666666666667 0.27906976744186046 0.09166666666666666 0.24806201550387597
6 0.6875 0.875968992248062 0.375 0.24806201550387597