6 0.535031847133758 0.525 0.09554140127388536 0.075
6 0.6815286624203821 0.5625 0.1464968152866242 0.07916666666666666
6 0.24203821656050956 0.08333333333333333 0.1592356687898089 0.1
6 0.07006369426751592 0.10416666666666667 0.1337579617834395 0.08333333333333333
6 0.5222929936305732 0.09583333333333334 0.1464968152866242 0.06666666666666667
6 0.4012738853503185 0.15833333333333333 0.12101910828025478 0.1
6 0.2229299363057325 0.4625 0.12738853503184713 0.12083333333333333
6 0.21656050955414013 0.5458333333333333 0.21019108280254778 0.075
6 0.3821656050955414 0.4875 0.12738853503184713 0.1375
6 0.4840764331210191 0.7 0.11464968152866242 0.13333333333333333
6 0.8089171974522293 0.775 0.18471337579617833 0.18333333333333332
6 0.8726114649681529 0.625 0.10828025477707007 0.11666666666666667
6 0.7388535031847133 0.3 0.10828025477707007 0.0875
6 0.732484076433121 0.1375 0.12738853503184713 0.075
6 0.8789808917197452 0.19166666666666668 0.11464968152866242 0.12916666666666668