7 0.25416666666666665 0.46875 0.14166666666666666 0.1875
7 0.14166666666666666 0.15625 0.15416666666666667 0.2125
7 0.39166666666666666 0.1375 0.1625 0.1875
7 0.8541666666666666 0.79375 0.15 0.21875
7 0.15416666666666667 0.7875 0.125 0.2
7 0.4 0.79375 0.14166666666666666 0.2125
7 0.6291666666666667 0.15625 0.14583333333333334 0.20625
7 0.5 0.46875 0.13333333333333333 0.20625
7 0.8375 0.15 0.12083333333333333 0.2
7 0.6291666666666667 0.8 0.13333333333333333 0.1875
7 0.7291666666666666 0.475 0.125 0.1875