7 0.22916666666666666 0.6415094339622641 0.19166666666666668 0.34591194968553457
7 0.49583333333333335 0.660377358490566 0.29583333333333334 0.4528301886792453
7 0.7208333333333333 0.5471698113207547 0.2791666666666667 0.4339622641509434
7 0.7708333333333334 0.1761006289308176 0.17083333333333334 0.31446540880503143
7 0.4708333333333333 0.2138364779874214 0.20416666666666666 0.36477987421383645
7 0.2625 0.29559748427672955 0.2125 0.3584905660377358
7 0.6125 0.5660377358490566 0.15416666666666667 0.22012578616352202
7 0.9416666666666667 0.48427672955974843 0.10833333333333334 0.31446540880503143
7 0.07916666666666666 0.37735849056603776 0.15833333333333333 0.29559748427672955
7 0.6166666666666667 0.18867924528301888 0.14166666666666666 0.37735849056603776
7 0.8583333333333333 0.8238993710691824 0.2791666666666667 0.3522012578616352