7 0.5645833333333333 0.590625 0.11666666666666667 0.10625
7 0.12083333333333333 0.721875 0.14583333333333334 0.20625
7 0.6208333333333333 0.44375 0.1375 0.11875
7 0.71875 0.684375 0.12083333333333333 0.15625
7 0.325 0.809375 0.17916666666666667 0.18125
7 0.33541666666666664 0.4125 0.08333333333333333 0.0875
7 0.5854166666666667 0.178125 0.15833333333333333 0.1375
7 0.2875 0.690625 0.14583333333333334 0.10625
7 0.84375 0.371875 0.1375 0.14375
7 0.23958333333333334 0.609375 0.12916666666666668 0.14375
7 0.39375 0.115625 0.0625 0.06875
7 0.17083333333333334 0.4625 0.175 0.1875