7 0.25416666666666665 0.5 0.15 0.20625
7 0.12291666666666666 0.203125 0.16666666666666666 0.23125
7 0.37083333333333335 0.153125 0.17083333333333334 0.20625
7 0.8708333333333333 0.746875 0.1625 0.2375
7 0.17291666666666666 0.83125 0.1375 0.2125
7 0.4166666666666667 0.80625 0.15416666666666667 0.23125
7 0.6083333333333333 0.140625 0.15833333333333333 0.225
7 0.4979166666666667 0.46875 0.14583333333333334 0.225
7 0.8166666666666667 0.10625 0.13333333333333333 0.2125
7 0.6458333333333334 0.78125 0.14166666666666666 0.20625
7 0.7270833333333333 0.44375 0.1375 0.20625