7 0.5583333333333333 0.6 0.1125 0.0875
7 0.10833333333333334 0.6625 0.13333333333333333 0.1875
7 0.625 0.4625 0.13333333333333333 0.1
7 0.7041666666666667 0.71875 0.1125 0.1375
7 0.30416666666666664 0.78125 0.17083333333333334 0.15625
7 0.3416666666666667 0.3875 0.07916666666666666 0.075
7 0.6083333333333333 0.19375 0.15 0.1125
7 0.275 0.65625 0.14166666666666666 0.0875
7 0.85 0.425 0.12916666666666668 0.125
7 0.23333333333333334 0.56875 0.12083333333333333 0.125
7 0.42083333333333334 0.1 0.058333333333333334 0.0625
7 0.175 0.4125 0.16666666666666666 0.1625