1 0.05 0.6527777777777778 0.1 0.5648148148148148
1 0.10416666666666667 0.7083333333333334 0.05416666666666667 0.4722222222222222
1 0.23125 0.6527777777777778 0.22083333333333333 0.6388888888888888
1 0.23541666666666666 0.7685185185185185 0.10833333333333334 0.39814814814814814
1 0.35833333333333334 0.7453703703703703 0.15 0.3611111111111111
1 0.46875 0.5416666666666666 0.15833333333333333 0.49074074074074076
1 0.6583333333333333 0.4027777777777778 0.15833333333333333 0.26851851851851855
1 0.6229166666666667 0.6018518518518519 0.13333333333333333 0.2037037037037037
1 0.60625 0.8055555555555556 0.1625 0.3888888888888889
1 0.8791666666666667 0.375 0.1375 0.2037037037037037
1 0.8666666666666667 0.5277777777777778 0.14166666666666666 0.1574074074074074
1 0.9208333333333333 0.6388888888888888 0.15416666666666667 0.24074074074074073
1 0.8354166666666667 0.7546296296296297 0.125 0.2777777777777778
1 0.8979166666666667 0.8472222222222222 0.19583333333333333 0.3055555555555556