1 0.1625 0.6157635467980296 0.24166666666666667 0.6551724137931034
1 0.38125 0.7192118226600985 0.24583333333333332 0.5615763546798029
1 0.65 0.7093596059113301 0.325 0.5763546798029556
1 0.49583333333333335 0.6699507389162561 0.225 0.4827586206896552
1 0.7875 0.26108374384236455 0.26666666666666666 0.458128078817734
1 0.6 0.37438423645320196 0.23333333333333334 0.3891625615763547
1 0.15416666666666667 0.3054187192118227 0.19166666666666668 0.28078817733990147
1 0.26458333333333334 0.3694581280788177 0.1375 0.2413793103448276
1 0.3 0.4482758620689655 0.125 0.13793103448275862
1 0.37083333333333335 0.21428571428571427 0.375 0.15763546798029557
1 0.5145833333333333 0.7093596059113301 0.16666666666666666 0.5812807881773399