1 0.5 0.5 1 1
1 0.5487012987012987 0.55 0.37012987012987014 0.30416666666666664
1 0.4967532467532468 0.325 0.42857142857142855 0.2125
1 0.34415584415584416 0.47291666666666665 0.2987012987012987 0.2708333333333333
1 0.4512987012987013 0.75 0.3116883116883117 0.2708333333333333
1 0.7954545454545454 0.25625 0.4090909090909091 0.17916666666666667
1 0.7824675324675324 0.36666666666666664 0.3961038961038961 0.2
1 0.75 0.55 0.2857142857142857 0.25416666666666665
1 0.6493506493506493 0.7666666666666667 0.2597402597402597 0.23333333333333334
1 0.22402597402597402 0.48541666666666666 0.3051948051948052 0.2625
1 0.22402597402597402 0.2875 0.38311688311688313 0.25833333333333336
1 0.1396103896103896 0.675 0.2792207792207792 0.2916666666666667
1 0.2532467532467532 0.6895833333333333 0.2597402597402597 0.2625
1 0.8896103896103896 0.6 0.22077922077922077 0.275