1 0.28125 0.1840277777777778 0.1 0.24305555555555555
1 0.1625 0.22916666666666666 0.09583333333333334 0.2222222222222222
1 0.24583333333333332 0.3923611111111111 0.09583333333333334 0.2361111111111111
1 0.3104166666666667 0.3958333333333333 0.09583333333333334 0.25
1 0.13125 0.4583333333333333 0.1125 0.2777777777777778
1 0.04791666666666667 0.2673611111111111 0.075 0.16666666666666666
1 0.44375 0.5520833333333334 0.10833333333333334 0.25
1 0.5041666666666667 0.7708333333333334 0.12083333333333333 0.2638888888888889
1 0.6145833333333334 0.3402777777777778 0.12083333333333333 0.2916666666666667
1 0.8104166666666667 0.7013888888888888 0.125 0.2847222222222222
1 0.7208333333333333 0.10069444444444445 0.11666666666666667 0.2013888888888889
1 0.5041666666666667 0.15625 0.09166666666666666 0.22916666666666666
1 0.2791666666666667 0.6354166666666666 0.14166666666666666 0.3194444444444444
1 0.23125 0.8923611111111112 0.09583333333333334 0.2152777777777778