1 0.32916666666666666 0.1111111111111111 0.07083333333333333 0.2222222222222222
1 0.20833333333333334 0.1111111111111111 0.07083333333333333 0.2013888888888889
1 0.26666666666666666 0.2986111111111111 0.06666666666666667 0.2152777777777778
1 0.32916666666666666 0.3263888888888889 0.06666666666666667 0.22916666666666666
1 0.14583333333333334 0.3194444444444444 0.07916666666666666 0.2569444444444444
1 0.09166666666666666 0.10416666666666667 0.05416666666666667 0.1527777777777778
1 0.4375 0.5277777777777778 0.07916666666666666 0.22916666666666666
1 0.4666666666666667 0.7638888888888888 0.09166666666666666 0.2361111111111111
1 0.6333333333333333 0.3888888888888889 0.0875 0.2638888888888889
1 0.775 0.8125 0.09166666666666666 0.2569444444444444
1 0.775 0.16666666666666666 0.0875 0.2361111111111111
1 0.55 0.16666666666666666 0.06666666666666667 0.20833333333333334
1 0.26666666666666666 0.5486111111111112 0.10416666666666667 0.2847222222222222
1 0.18333333333333332 0.7986111111111112 0.06666666666666667 0.22916666666666666