1 0.15416666666666667 0.5812807881773399 0.19583333333333333 0.6354679802955665
1 0.36666666666666664 0.7192118226600985 0.20416666666666666 0.5615763546798029
1 0.6333333333333333 0.7241379310344828 0.2875 0.5467980295566502
1 0.48333333333333334 0.6699507389162561 0.19166666666666668 0.4630541871921182
1 0.8041666666666667 0.29064039408866993 0.2375 0.43349753694581283
1 0.6083333333333333 0.3842364532019704 0.20833333333333334 0.3694581280788177
1 0.17083333333333334 0.270935960591133 0.17083333333333334 0.2660098522167488
1 0.275 0.3448275862068966 0.12083333333333333 0.2315270935960591
1 0.30416666666666664 0.42857142857142855 0.11666666666666667 0.12807881773399016
1 0.39166666666666666 0.2019704433497537 0.36666666666666664 0.11822660098522167
1 0.5 0.7093596059113301 0.125 0.5714285714285714