1 0.05 0.7222222222222222 0.09583333333333334 0.5555555555555556
1 0.1125 0.7685185185185185 0.041666666666666664 0.46296296296296297
1 0.2375 0.6944444444444444 0.20416666666666666 0.6111111111111112
1 0.24375 0.8101851851851852 0.09583333333333334 0.37962962962962965
1 0.36666666666666664 0.7685185185185185 0.1375 0.3425925925925926
1 0.4708333333333333 0.5462962962962963 0.14583333333333334 0.4722222222222222
1 0.6541666666666667 0.37962962962962965 0.15 0.25
1 0.625 0.5833333333333334 0.12916666666666668 0.18518518518518517
1 0.6166666666666667 0.8009259259259259 0.15 0.39814814814814814
1 0.875 0.3148148148148148 0.13333333333333333 0.18518518518518517
1 0.8666666666666667 0.4722222222222222 0.1375 0.1388888888888889
1 0.925 0.5740740740740741 0.14583333333333334 0.2222222222222222
1 0.8416666666666667 0.7037037037037037 0.11666666666666667 0.25925925925925924
1 0.9083333333333333 0.8240740740740741 0.18333333333333332 0.35185185185185186