3 0.16458333333333333 0.375 0.32916666666666666 0.5904255319148937
3 0.30625 0.35106382978723405 0.45416666666666666 0.6276595744680851
3 0.41875 0.2154255319148936 0.22916666666666666 0.3882978723404255
3 0.8479166666666667 0.5159574468085106 0.30416666666666664 0.3723404255319149
3 0.84375 0.7127659574468085 0.22083333333333333 0.26063829787234044
3 0.49166666666666664 0.6303191489361702 0.5875 0.4148936170212766
3 0.475 0.425531914893617 0.24166666666666667 0.35638297872340424
3 0.6229166666666667 0.4627659574468085 0.23333333333333334 0.2553191489361702
3 0.8791666666666667 0.2978723404255319 0.24166666666666667 0.2765957446808511
3 0.175 0.08776595744680851 0.23333333333333334 0.17553191489361702
3 0.5708333333333333 0.19946808510638298 0.26666666666666666 0.39893617021276595
3 0.37916666666666665 0.10372340425531915 0.2833333333333333 0.2074468085106383