3 0.32083333333333336 0.6794117647058824 0.19166666666666668 0.2529411764705882
3 0.15625 0.7470588235294118 0.21666666666666667 0.31176470588235294
3 0.06666666666666667 0.8323529411764706 0.13333333333333333 0.19411764705882353
3 0.4395833333333333 0.5558823529411765 0.25416666666666665 0.3
3 0.5104166666666666 0.4411764705882353 0.15833333333333333 0.18235294117647058
3 0.6458333333333334 0.5176470588235295 0.17083333333333334 0.20588235294117646
3 0.4125 0.8676470588235294 0.1375 0.18823529411764706
3 0.41875 0.7558823529411764 0.125 0.16470588235294117
3 0.50625 0.7705882352941177 0.1125 0.2
3 0.2375 0.4764705882352941 0.18333333333333332 0.2411764705882353
3 0.5541666666666667 0.3029411764705882 0.2625 0.2529411764705882
3 0.6854166666666667 0.21470588235294116 0.1375 0.17647058823529413
3 0.7541666666666667 0.31176470588235294 0.13333333333333333 0.18235294117647058
3 0.10416666666666667 0.13823529411764707 0.18333333333333332 0.18235294117647058