3 0.3020833333333333 0.6323529411764706 0.22083333333333333 0.28823529411764703
3 0.13125 0.6588235294117647 0.25 0.35294117647058826
3 0.05416666666666667 0.7176470588235294 0.10833333333333334 0.2235294117647059
3 0.43333333333333335 0.5411764705882353 0.2833333333333333 0.35294117647058826
3 0.5166666666666667 0.4441176470588235 0.175 0.21764705882352942
3 0.6416666666666667 0.5529411764705883 0.19166666666666668 0.24705882352941178
3 0.36875 0.8382352941176471 0.15833333333333333 0.21764705882352942
3 0.3875 0.7323529411764705 0.14166666666666666 0.18823529411764706
3 0.47291666666666665 0.7676470588235295 0.13333333333333333 0.2235294117647059
3 0.24583333333333332 0.4117647058823529 0.20833333333333334 0.2823529411764706
3 0.5791666666666667 0.3176470588235294 0.2875 0.31176470588235294
3 0.71875 0.2647058823529412 0.15416666666666667 0.20588235294117646
3 0.775 0.3764705882352941 0.15416666666666667 0.21176470588235294
3 0.15416666666666667 0.07941176470588235 0.2 0.1588235294117647