4 0.8333333333333334 0.45222929936305734 0.25 0.3885350318471338
4 0.49583333333333335 0.37261146496815284 0.1875 0.1910828025477707
4 0.65625 0.7452229299363057 0.14166666666666666 0.2484076433121019
4 0.48541666666666666 0.821656050955414 0.3458333333333333 0.27388535031847133
4 0.39791666666666664 0.1942675159235669 0.13333333333333333 0.31210191082802546
4 0.5166666666666667 0.5 0.925 1
4 0.03125 0.2802547770700637 0.041666666666666664 0.12738853503184713
4 0.30416666666666664 0.2961783439490446 0.21666666666666667 0.2611464968152866
4 0.55625 0.15605095541401273 0.1875 0.28662420382165604
4 0.23333333333333334 0.535031847133758 0.3125 0.34394904458598724
4 0.6375 0.445859872611465 0.1375 0.20382165605095542