4 0.6696969696969697 0.17083333333333334 0.21818181818181817 0.2833333333333333
4 0.36363636363636365 0.8479166666666667 0.4727272727272727 0.30416666666666664
4 0.43636363636363634 0.43125 0.3696969696969697 0.325
4 0.6181818181818182 0.7125 0.509090909090909 0.17916666666666667
4 0.12727272727272726 0.7083333333333334 0.2545454545454545 0.31666666666666665
4 0.27575757575757576 0.20416666666666666 0.4909090909090909 0.35833333333333334
4 0.8121212121212121 0.35208333333333336 0.37575757575757573 0.2625
4 0.8909090909090909 0.11041666666666666 0.21818181818181817 0.14583333333333334
4 0.18484848484848485 0.4895833333333333 0.3696969696969697 0.15416666666666667
4 0.7909090909090909 0.8979166666666667 0.296969696969697 0.20416666666666666
4 0.40606060606060607 0.03958333333333333 0.4121212121212121 0.07916666666666666
4 0.8212121212121212 0.5916666666666667 0.3575757575757576 0.3