4 0.8291666666666667 0.40764331210191085 0.23333333333333334 0.3630573248407643
4 0.4875 0.37261146496815284 0.17916666666666667 0.17197452229299362
4 0.66875 0.7229299363057324 0.12916666666666668 0.2356687898089172
4 0.5020833333333333 0.8248407643312102 0.3375 0.22929936305732485
4 0.38125 0.21019108280254778 0.12083333333333333 0.29936305732484075
4 0.5125 0.4968152866242038 0.8833333333333333 0.9936305732484076
4 0.020833333333333332 0.34394904458598724 0.03333333333333333 0.12738853503184713
4 0.29375 0.321656050955414 0.20833333333333334 0.24203821656050956
4 0.5375 0.14968152866242038 0.175 0.267515923566879
4 0.23541666666666666 0.5700636942675159 0.3 0.31210191082802546
4 0.6354166666666666 0.4299363057324841 0.12916666666666668 0.1910828025477707