4 0.5 0.5 1 1
4 0.18333333333333332 0.15625 0.31666666666666665 0.3125
4 0.2875 0.621875 0.3541666666666667 0.3625
4 0.8833333333333333 0.384375 0.23333333333333334 0.46875
4 0.3 0.084375 0.2 0.16875
4 0.16875 0.390625 0.3375 0.38125
4 0.10416666666666667 0.709375 0.20833333333333334 0.41875
4 0.6166666666666667 0.334375 0.31666666666666665 0.40625
4 0.5791666666666667 0.85 0.35833333333333334 0.3
4 0.7833333333333333 0.60625 0.2375 0.5
4 0.5229166666666667 0.665625 0.3333333333333333 0.425
4 0.6916666666666667 0.196875 0.30416666666666664 0.3625
4 0.42083333333333334 0.390625 0.3375 0.35625
4 0.46041666666666664 0.178125 0.22916666666666666 0.35625
4 0.8479166666666667 0.89375 0.22916666666666666 0.2125
4 0.375 0.840625 0.275 0.3125