4 0.3416666666666667 0.6712707182320442 0.12083333333333333 0.15469613259668508
4 0.59375 0.11049723756906077 0.11666666666666667 0.15469613259668508
4 0.6458333333333334 0.6850828729281768 0.12916666666666668 0.17679558011049723
4 0.3625 0.4972375690607735 0.12083333333333333 0.16022099447513813
4 0.76875 0.7348066298342542 0.1375 0.17679558011049723
4 0.79375 0.5718232044198895 0.1375 0.17679558011049723
4 0.75625 0.40331491712707185 0.13333333333333333 0.1712707182320442
4 0.6895833333333333 0.2569060773480663 0.125 0.15469613259668508
4 0.6 0.4861878453038674 0.1125 0.14917127071823205
4 0.4125 0.4613259668508287 0.225 0.23204419889502761
4 0.46041666666666664 0.43370165745856354 0.125 0.1712707182320442