4 0.33958333333333335 0.6657458563535912 0.11666666666666667 0.14917127071823205
4 0.6 0.1132596685082873 0.1125 0.14917127071823205
4 0.64375 0.6878453038674033 0.12916666666666668 0.17679558011049723
4 0.3625 0.494475138121547 0.11666666666666667 0.15469613259668508
4 0.7666666666666667 0.7403314917127072 0.1375 0.17679558011049723
4 0.79375 0.580110497237569 0.1375 0.17679558011049723
4 0.75625 0.4088397790055249 0.13333333333333333 0.1712707182320442
4 0.69375 0.2596685082872928 0.12083333333333333 0.15469613259668508
4 0.6 0.4889502762430939 0.10833333333333334 0.143646408839779
4 0.4125 0.4613259668508287 0.225 0.2265193370165746
4 0.4625 0.430939226519337 0.125 0.1712707182320442