4 0.7041666666666667 0.7762430939226519 0.15 0.27071823204419887
4 0.08958333333333333 0.5386740331491713 0.17916666666666667 0.292817679558011
4 0.09583333333333334 0.31767955801104975 0.15 0.19337016574585636
4 0.5 0.5 1 1
4 0.8520833333333333 0.6795580110497238 0.15 0.2265193370165746
4 0.25625 0.11049723756906077 0.22916666666666666 0.22099447513812154
4 0.4583333333333333 0.8425414364640884 0.5 0.3149171270718232
4 0.8916666666666667 0.39226519337016574 0.1875 0.39779005524861877
4 0.7791666666666667 0.5331491712707183 0.1625 0.26519337016574585
4 0.59375 0.8756906077348067 0.22916666666666666 0.24861878453038674
4 0.18958333333333333 0.7265193370165746 0.14583333333333334 0.36464088397790057
4 0.78125 0.2265193370165746 0.15833333333333333 0.35359116022099446