4 0.5212121212121212 0.15208333333333332 0.22424242424242424 0.2833333333333333
4 0.5181818181818182 0.8541666666666666 0.47878787878787876 0.2916666666666667
4 0.4121212121212121 0.44583333333333336 0.37575757575757573 0.32916666666666666
4 0.703030303030303 0.68125 0.509090909090909 0.18333333333333332
4 0.2 0.78125 0.3333333333333333 0.31666666666666665
4 0.20303030303030303 0.2604166666666667 0.40606060606060607 0.3625
4 0.7606060606060606 0.28958333333333336 0.4303030303030303 0.26666666666666666
4 0.7545454545454545 0.05625 0.3090909090909091 0.1125
4 0.19090909090909092 0.5541666666666667 0.38181818181818183 0.15833333333333333
4 0.9030303030303031 0.8416666666666667 0.19393939393939394 0.25
4 0.21212121212121213 0.0625 0.4121212121212121 0.11666666666666667
4 0.8303030303030303 0.525 0.3393939393939394 0.3