6 0.6666666666666666 0.4728682170542636 0.05416666666666667 0.09302325581395349
6 0.7666666666666667 0.4573643410852713 0.05416666666666667 0.10077519379844961
6 0.74375 0.5813953488372093 0.041666666666666664 0.10077519379844961
6 0.8208333333333333 0.5775193798449613 0.075 0.13178294573643412
6 0.8 0.34108527131782945 0.05 0.09302325581395349
6 0.8583333333333333 0.32170542635658916 0.029166666666666667 0.06976744186046512
6 0.6604166666666667 0.3953488372093023 0.0375 0.06976744186046512
6 0.9125 0.3178294573643411 0.041666666666666664 0.07751937984496124
6 0.4270833333333333 0.17054263565891473 0.1875 0.34108527131782945
6 0.31666666666666665 0.27906976744186046 0.18333333333333332 0.2248062015503876
6 0.10208333333333333 0.8023255813953488 0.1875 0.3953488372093023
6 0.65 0.17829457364341086 0.31666666666666665 0.35658914728682173
6 0.9166666666666666 0.08527131782945736 0.11666666666666667 0.17054263565891473
6 0.74375 0.8178294573643411 0.37083333333333335 0.3333333333333333