6 0.5286624203821656 0.5291666666666667 0.11464968152866242 0.08333333333333333
6 0.6624203821656051 0.58125 0.16560509554140126 0.09583333333333334
6 0.35668789808917195 0.06041666666666667 0.18471337579617833 0.11666666666666667
6 0.18152866242038215 0.06041666666666667 0.15286624203821655 0.09583333333333334
6 0.6305732484076433 0.10416666666666667 0.1592356687898089 0.08333333333333333
6 0.49363057324840764 0.15208333333333332 0.1464968152866242 0.1125
6 0.2356687898089172 0.43125 0.1592356687898089 0.13333333333333333
6 0.21019108280254778 0.5125 0.22929936305732485 0.09583333333333334
6 0.3885350318471338 0.475 0.1592356687898089 0.15
6 0.4299363057324841 0.6958333333333333 0.1464968152866242 0.14583333333333334
6 0.732484076433121 0.80625 0.22929936305732485 0.2
6 0.8343949044585988 0.6645833333333333 0.14012738853503184 0.12916666666666668
6 0.7898089171974523 0.32916666666666666 0.12738853503184713 0.1
6 0.8248407643312102 0.16875 0.1464968152866242 0.0875
6 0.9394904458598726 0.2375 0.12101910828025478 0.14166666666666666