6 0.36875 0.5472972972972973 0.14583333333333334 0.25675675675675674
6 0.47708333333333336 0.4966216216216216 0.14583333333333334 0.22297297297297297
6 0.5479166666666667 0.13851351351351351 0.13333333333333333 0.22972972972972974
6 0.6416666666666667 0.11486486486486487 0.1375 0.22297297297297297
6 0.20625 0.43243243243243246 0.17916666666666667 0.2635135135135135
6 0.08125 0.5641891891891891 0.1625 0.2635135135135135
6 0.08333333333333333 0.3310810810810811 0.16666666666666666 0.2972972972972973
6 0.21875 0.23648648648648649 0.19166666666666668 0.32432432432432434
6 0.11458333333333333 0.8716216216216216 0.1625 0.25675675675675674
6 0.38958333333333334 0.8581081081081081 0.1625 0.28378378378378377
6 0.6020833333333333 0.8547297297297297 0.2125 0.2905405405405405
6 0.7416666666666667 0.5067567567567568 0.2125 0.30405405405405406
6 0.4895833333333333 0.28716216216216217 0.15416666666666667 0.24324324324324326
6 0.575 0.3783783783783784 0.12916666666666668 0.24324324324324326
6 0.75625 0.2702702702702703 0.2125 0.2972972972972973
6 0.925 0.3885135135135135 0.15 0.3310810810810811
6 0.8895833333333333 0.6993243243243243 0.22083333333333333 0.3581081081081081
6 0.3729166666666667 0.20270270270270271 0.19583333333333333 0.31756756756756754
6 0.69375 0.02364864864864865 0.1125 0.0472972972972973
6 0.5916666666666667 0.037162162162162164 0.13333333333333333 0.07432432432432433