6 0.6666666666666666 0.5116279069767442 0.05 0.08527131782945736
6 0.7666666666666667 0.5193798449612403 0.05 0.09302325581395349
6 0.7375 0.6356589147286822 0.0375 0.09302325581395349
6 0.8125 0.6511627906976745 0.06666666666666667 0.11627906976744186
6 0.8083333333333333 0.4108527131782946 0.04583333333333333 0.08527131782945736
6 0.8666666666666667 0.40310077519379844 0.025 0.06201550387596899
6 0.6666666666666666 0.43410852713178294 0.03333333333333333 0.06201550387596899
6 0.9208333333333333 0.4108527131782946 0.0375 0.06976744186046512
6 0.45 0.15503875968992248 0.17083333333333334 0.3023255813953488
6 0.3333333333333333 0.24031007751937986 0.17083333333333334 0.18604651162790697
6 0.0875 0.7209302325581395 0.1625 0.3798449612403101
6 0.6708333333333333 0.18604651162790697 0.29583333333333334 0.3488372093023256
6 0.9458333333333333 0.14728682170542637 0.10416666666666667 0.21705426356589147
6 0.7208333333333333 0.872093023255814 0.35833333333333334 0.2558139534883721