6 0.36875 0.5371621621621622 0.14166666666666666 0.25
6 0.47708333333333336 0.49324324324324326 0.14166666666666666 0.21621621621621623
6 0.55625 0.14189189189189189 0.12916666666666668 0.22972972972972974
6 0.65 0.125 0.13333333333333333 0.21621621621621623
6 0.20833333333333334 0.4155405405405405 0.17916666666666667 0.25675675675675674
6 0.07916666666666666 0.5405405405405406 0.15833333333333333 0.25675675675675674
6 0.08333333333333333 0.30743243243243246 0.16666666666666666 0.2905405405405405
6 0.225 0.22297297297297297 0.1875 0.31756756756756754
6 0.10833333333333334 0.8614864864864865 0.15833333333333333 0.2702702702702703
6 0.37916666666666665 0.8581081081081081 0.15833333333333333 0.28378378378378377
6 0.5916666666666667 0.8614864864864865 0.20833333333333334 0.27702702702702703
6 0.7416666666666667 0.5202702702702703 0.20833333333333334 0.2905405405405405
6 0.49375 0.28716216216216217 0.15 0.23648648648648649
6 0.5791666666666667 0.38175675675675674 0.125 0.23648648648648649
6 0.7625 0.28716216216216217 0.20833333333333334 0.28378378378378377
6 0.9291666666666667 0.41216216216216217 0.14166666666666666 0.32432432432432434
6 0.8895833333333333 0.722972972972973 0.22083333333333333 0.35135135135135137
6 0.2375 0.9831081081081081 0.1 0.033783783783783786
6 0.37916666666666665 0.19594594594594594 0.19166666666666668 0.3108108108108108
6 0.7041666666666667 0.02702702702702703 0.10833333333333334 0.05405405405405406
6 0.6 0.037162162162162164 0.13333333333333333 0.07432432432432433