7 0.25625 0.45 0.15 0.2
7 0.15416666666666667 0.128125 0.1625 0.225
7 0.4041666666666667 0.128125 0.17083333333333334 0.2
7 0.84375 0.821875 0.15833333333333333 0.23125
7 0.14375 0.759375 0.13333333333333333 0.2125
7 0.38958333333333334 0.784375 0.15 0.225
7 0.6416666666666667 0.165625 0.15416666666666667 0.21875
7 0.5020833333333333 0.46875 0.14166666666666666 0.21875
7 0.85 0.178125 0.12916666666666668 0.20625
7 0.61875 0.809375 0.14166666666666666 0.2
7 0.7291666666666666 0.49375 0.13333333333333333 0.2