7 0.2375 0.6761006289308176 0.2125 0.3710691823899371
7 0.5041666666666667 0.660377358490566 0.32083333333333336 0.49056603773584906
7 0.7229166666666667 0.5188679245283019 0.30416666666666664 0.4716981132075472
7 0.7520833333333333 0.1540880503144654 0.1875 0.3081761006289308
7 0.45416666666666666 0.22012578616352202 0.225 0.389937106918239
7 0.2520833333333333 0.3270440251572327 0.23333333333333334 0.3836477987421384
7 0.6166666666666667 0.550314465408805 0.16666666666666666 0.2389937106918239
7 0.9375 0.4276729559748428 0.125 0.3270440251572327
7 0.07916666666666666 0.4339622641509434 0.15833333333333333 0.31446540880503143
7 0.5979166666666667 0.18553459119496854 0.1625 0.3710691823899371
7 0.8625 0.7735849056603774 0.275 0.389937106918239