7 0.23333333333333334 0.6572327044025157 0.2 0.3584905660377358
7 0.5 0.660377358490566 0.30416666666666664 0.46540880503144655
7 0.7208333333333333 0.5345911949685535 0.2875 0.44654088050314467
7 0.7625 0.16352201257861634 0.17916666666666667 0.32075471698113206
7 0.46458333333333335 0.2169811320754717 0.2125 0.37735849056603776
7 0.25833333333333336 0.3081761006289308 0.22083333333333333 0.3710691823899371
7 0.6145833333333334 0.559748427672956 0.15833333333333333 0.22641509433962265
7 0.9416666666666667 0.46226415094339623 0.11666666666666667 0.32075471698113206
7 0.07916666666666666 0.39622641509433965 0.15833333333333333 0.3018867924528302
7 0.6083333333333333 0.18553459119496854 0.15 0.3710691823899371
7 0.8604166666666667 0.8050314465408805 0.2791666666666667 0.36477987421383645