7 0.5604166666666667 0.596875 0.1125 0.09375
7 0.1125 0.684375 0.1375 0.19375
7 0.625 0.45625 0.1375 0.10625
7 0.7083333333333334 0.709375 0.11666666666666667 0.14375
7 0.3104166666666667 0.790625 0.175 0.1625
7 0.33958333333333335 0.396875 0.07916666666666666 0.08125
7 0.6020833333333333 0.1875 0.15416666666666667 0.11875
7 0.2791666666666667 0.66875 0.14166666666666666 0.09375
7 0.8479166666666667 0.40625 0.13333333333333333 0.13125
7 0.23541666666666666 0.58125 0.125 0.13125
7 0.4125 0.103125 0.058333333333333334 0.0625
7 0.17291666666666666 0.428125 0.17083333333333334 0.16875