7 0.56875 0.584375 0.12083333333333333 0.1125
7 0.13333333333333333 0.7625 0.15416666666666667 0.21875
7 0.61875 0.43125 0.14166666666666666 0.13125
7 0.7270833333333333 0.6625 0.125 0.1625
7 0.33958333333333335 0.828125 0.1875 0.2
7 0.33125 0.43125 0.0875 0.09375
7 0.5708333333333333 0.16875 0.1625 0.15
7 0.29583333333333334 0.7125 0.15 0.125
7 0.8354166666666667 0.334375 0.14166666666666666 0.15625
7 0.24583333333333332 0.6375 0.13333333333333333 0.15625
7 0.375 0.128125 0.06666666666666667 0.075
7 0.17083333333333334 0.5 0.18333333333333332 0.20625