1 0.5645833333333333 0.2986111111111111 0.15 0.2569444444444444
1 0.475 0.4861111111111111 0.16666666666666666 0.25
1 0.10833333333333334 0.3194444444444444 0.16666666666666666 0.2569444444444444
1 0.1875 0.125 0.175 0.25
1 0.36875 0.08680555555555555 0.14583333333333334 0.1736111111111111
1 0.81875 0.4791666666666667 0.18333333333333332 0.3055555555555556
1 0.65 0.46875 0.1625 0.2569444444444444
1 0.5666666666666667 0.6458333333333334 0.14583333333333334 0.2638888888888889
1 0.6979166666666666 0.6840277777777778 0.16666666666666666 0.2569444444444444
1 0.84375 0.7395833333333334 0.17916666666666667 0.2638888888888889
1 0.3541666666666667 0.7986111111111112 0.15833333333333333 0.2638888888888889
1 0.3 0.5729166666666666 0.15 0.22916666666666666
1 0.42291666666666666 0.6493055555555556 0.12916666666666668 0.19444444444444445
1 0.6125 0.8611111111111112 0.1375 0.24305555555555555
1 0.7458333333333333 0.8888888888888888 0.15 0.2222222222222222
1 0.8729166666666667 0.90625 0.15416666666666667 0.1875
1 0.22083333333333333 0.7361111111111112 0.1625 0.2638888888888889
1 0.15625 0.5208333333333334 0.15 0.25
1 0.052083333333333336 0.5069444444444444 0.10416666666666667 0.2361111111111111
1 0.0875 0.7152777777777778 0.15 0.2777777777777778
1 0.24791666666666667 0.3506944444444444 0.125 0.2222222222222222
1 0.3645833333333333 0.4166666666666667 0.10416666666666667 0.2152777777777778
1 0.4395833333333333 0.2465277777777778 0.13333333333333333 0.25
1 0.32083333333333336 0.2152777777777778 0.11666666666666667 0.2013888888888889