1 0.5 0.5 1 1
1 0.551948051948052 0.5479166666666667 0.36363636363636365 0.3
1 0.487012987012987 0.325 0.42207792207792205 0.20833333333333334
1 0.3409090909090909 0.475 0.2922077922077922 0.26666666666666666
1 0.4642857142857143 0.75 0.2987012987012987 0.26666666666666666
1 0.788961038961039 0.25 0.42207792207792205 0.16666666666666666
1 0.7727272727272727 0.36041666666666666 0.38961038961038963 0.19583333333333333
1 0.75 0.54375 0.2727272727272727 0.25
1 0.6655844155844156 0.7625 0.24675324675324675 0.23333333333333334
1 0.22402597402597402 0.49166666666666664 0.2922077922077922 0.2625
1 0.21103896103896103 0.29375 0.37012987012987014 0.25416666666666665
1 0.1461038961038961 0.6854166666666667 0.2792207792207792 0.2916666666666667
1 0.262987012987013 0.6958333333333333 0.2532467532467532 0.25833333333333336
1 0.8961038961038961 0.5895833333333333 0.2077922077922078 0.2708333333333333