1 0.14791666666666667 0.5246305418719212 0.26666666666666666 0.6600985221674877
1 0.3416666666666667 0.6945812807881774 0.26666666666666666 0.5911330049261084
1 0.6041666666666666 0.7241379310344828 0.35 0.5517241379310345
1 0.4625 0.6650246305418719 0.24583333333333332 0.4876847290640394
1 0.825 0.34236453201970446 0.2875 0.46798029556650245
1 0.6208333333333333 0.4039408866995074 0.25 0.39901477832512317
1 0.2 0.21921182266009853 0.2 0.29064039408866993
1 0.29583333333333334 0.3103448275862069 0.14583333333333334 0.2512315270935961
1 0.3145833333333333 0.39655172413793105 0.12916666666666668 0.1477832512315271
1 0.4270833333333333 0.18719211822660098 0.375 0.17733990147783252
1 0.475 0.7068965517241379 0.19166666666666668 0.5862068965517241