1 0.7104166666666667 0.5502392344497608 0.22083333333333333 0.3444976076555024
1 0.5 0.5550239234449761 0.24166666666666667 0.3684210526315789
1 0.2875 0.6148325358851675 0.32083333333333336 0.36363636363636365
1 0.5541666666666667 0.9186602870813397 0.175 0.16267942583732056
1 0.75 0.8827751196172249 0.22083333333333333 0.20095693779904306
1 0.7916666666666666 0.20334928229665072 0.31666666666666665 0.40669856459330145
1 0.4270833333333333 0.20334928229665072 0.39166666666666666 0.40669856459330145
1 0.09791666666666667 0.569377990430622 0.19583333333333333 0.23923444976076555
1 0.18125 0.3588516746411483 0.15833333333333333 0.15789473684210525
1 0.17291666666666666 0.1722488038277512 0.17916666666666667 0.2631578947368421
1 0.8979166666666667 0.47607655502392343 0.20416666666666666 0.32057416267942584
1 0.9145833333333333 0.7392344497607656 0.17083333333333334 0.2535885167464115
1 0.925 0.8875598086124402 0.15 0.13875598086124402