1 0.2875 0.1736111111111111 0.09583333333333334 0.24305555555555555
1 0.16875 0.21180555555555555 0.09166666666666666 0.2222222222222222
1 0.24791666666666667 0.375 0.09166666666666666 0.22916666666666666
1 0.3125 0.3854166666666667 0.09166666666666666 0.24305555555555555
1 0.13125 0.4340277777777778 0.10833333333333334 0.2777777777777778
1 0.05416666666666667 0.23958333333333334 0.07083333333333333 0.16666666666666666
1 0.44166666666666665 0.5486111111111112 0.10416666666666667 0.25
1 0.4979166666666667 0.7708333333333334 0.11666666666666667 0.2638888888888889
1 0.61875 0.3472222222222222 0.11666666666666667 0.2847222222222222
1 0.80625 0.71875 0.12083333333333333 0.2847222222222222
1 0.73125 0.1076388888888889 0.1125 0.2152777777777778
1 0.5104166666666666 0.15625 0.0875 0.22916666666666666
1 0.27708333333333335 0.6215277777777778 0.13333333333333333 0.3125
1 0.22083333333333333 0.8854166666666666 0.09166666666666666 0.22916666666666666