3 0.3416666666666667 0.7176470588235294 0.20833333333333334 0.27058823529411763
3 0.1875 0.8205882352941176 0.23333333333333334 0.3352941176470588
3 0.10208333333333333 0.9088235294117647 0.15416666666666667 0.18235294117647058
3 0.4479166666666667 0.5676470588235294 0.2708333333333333 0.32941176470588235
3 0.5041666666666667 0.4411764705882353 0.16666666666666666 0.2
3 0.6458333333333334 0.4852941176470588 0.18333333333333332 0.22941176470588234
3 0.45416666666666666 0.8823529411764706 0.15 0.20588235294117646
3 0.4479166666666667 0.7705882352941177 0.13333333333333333 0.17647058823529413
3 0.5354166666666667 0.7676470588235295 0.125 0.21176470588235294
3 0.2375 0.5323529411764706 0.2 0.2647058823529412
3 0.5333333333333333 0.29411764705882354 0.2791666666666667 0.2823529411764706
3 0.6520833333333333 0.17647058823529413 0.14583333333333334 0.19411764705882353
3 0.73125 0.25882352941176473 0.14166666666666666 0.2
3 0.08125 0.2323529411764706 0.1625 0.20588235294117646