3 0.05416666666666667 0.5460122699386503 0.09583333333333334 0.2822085889570552
3 0.12083333333333333 0.37423312883435583 0.14583333333333334 0.3006134969325153
3 0.17916666666666667 0.656441717791411 0.15 0.24539877300613497
3 0.25 0.44785276073619634 0.125 0.39263803680981596
3 0.35833333333333334 0.32515337423312884 0.15416666666666667 0.31901840490797545
3 0.36666666666666664 0.6257668711656442 0.13333333333333333 0.294478527607362
3 0.475 0.6993865030674846 0.125 0.32515337423312884
3 0.4708333333333333 0.4294478527607362 0.14166666666666666 0.34355828220858897
3 0.5666666666666667 0.26380368098159507 0.1625 0.3496932515337423
3 0.5833333333333334 0.5828220858895705 0.1 0.294478527607362
3 0.6791666666666667 0.7177914110429447 0.11666666666666667 0.24539877300613497
3 0.6958333333333333 0.4294478527607362 0.15416666666666667 0.3374233128834356
3 0.8125 0.31901840490797545 0.11666666666666667 0.3312883435582822
3 0.7833333333333333 0.5828220858895705 0.125 0.294478527607362
3 0.9125 0.6503067484662577 0.1125 0.294478527607362
3 0.9291666666666667 0.4110429447852761 0.1375 0.3987730061349693