4 0.3375 0.6629834254143646 0.11666666666666667 0.14917127071823205
4 0.6041666666666666 0.11602209944751381 0.1125 0.14917127071823205
4 0.6416666666666667 0.6906077348066298 0.125 0.1712707182320442
4 0.3625 0.49171270718232046 0.11666666666666667 0.15469613259668508
4 0.7625 0.7458563535911602 0.13333333333333333 0.1712707182320442
4 0.7916666666666666 0.585635359116022 0.13333333333333333 0.1712707182320442
4 0.7583333333333333 0.4143646408839779 0.12916666666666668 0.16574585635359115
4 0.6958333333333333 0.26519337016574585 0.12083333333333333 0.14917127071823205
4 0.6 0.49171270718232046 0.10833333333333334 0.143646408839779
4 0.4125 0.4585635359116022 0.22083333333333333 0.22099447513812154
4 0.4625 0.430939226519337 0.12083333333333333 0.16574585635359115