4 0.1375 0.525 0.275 0.39166666666666666
4 0.3145833333333333 0.17083333333333334 0.36666666666666664 0.3416666666666667
4 0.8020833333333334 0.22916666666666666 0.3458333333333333 0.29583333333333334
4 0.47708333333333336 0.48541666666666666 0.2708333333333333 0.48333333333333334
4 0.08541666666666667 0.16458333333333333 0.17083333333333334 0.2625
4 0.375 0.84375 0.30833333333333335 0.3125
4 0.7895833333333333 0.5833333333333334 0.2833333333333333 0.4166666666666667
4 0.12916666666666668 0.8645833333333334 0.20833333333333334 0.2708333333333333
4 0.6166666666666667 0.052083333333333336 0.23333333333333334 0.10416666666666667
4 0.6708333333333333 0.9270833333333334 0.23333333333333334 0.13333333333333333
4 0.5 0.5 1 1
4 0.8875 0.8083333333333333 0.225 0.275