4 0.8208333333333333 0.35668789808917195 0.2125 0.33121019108280253
4 0.4791666666666667 0.37579617834394907 0.17083333333333334 0.1464968152866242
4 0.6833333333333333 0.6942675159235668 0.11666666666666667 0.21656050955414013
4 0.525 0.821656050955414 0.32916666666666666 0.17834394904458598
4 0.3625 0.22929936305732485 0.1 0.28662420382165604
4 0.5125 0.46496815286624205 0.825 0.9235668789808917
4 0.0125 0.42038216560509556 0.025 0.12101910828025478
4 0.2833333333333333 0.35668789808917195 0.19583333333333333 0.21019108280254778
4 0.5125 0.1464968152866242 0.15833333333333333 0.24203821656050956
4 0.24166666666666667 0.6114649681528662 0.2833333333333333 0.267515923566879
4 0.6291666666666667 0.40764331210191085 0.11666666666666667 0.17197452229299362