4 0.503030303030303 0.15208333333333332 0.23636363636363636 0.2875
4 0.5363636363636364 0.8520833333333333 0.4909090909090909 0.29583333333333334
4 0.4090909090909091 0.4479166666666667 0.3878787878787879 0.3333333333333333
4 0.7121212121212122 0.675 0.5151515151515151 0.19583333333333333
4 0.21515151515151515 0.7895833333333333 0.3515151515151515 0.32083333333333336
4 0.2 0.26875 0.4 0.37083333333333335
4 0.7515151515151515 0.2833333333333333 0.43636363636363634 0.275
4 0.7333333333333333 0.05416666666666667 0.3151515151515151 0.10833333333333334
4 0.19393939393939394 0.5625 0.38181818181818183 0.16666666666666666
4 0.906060606060606 0.83125 0.18787878787878787 0.25416666666666665
4 0.19696969696969696 0.07083333333333333 0.3939393939393939 0.125
4 0.8303030303030303 0.5166666666666667 0.3393939393939394 0.30833333333333335