4 0.12916666666666668 0.4875 0.25833333333333336 0.36666666666666664
4 0.35 0.15416666666666667 0.3375 0.30833333333333335
4 0.8291666666666667 0.2625 0.32083333333333336 0.2625
4 0.4791666666666667 0.48333333333333334 0.225 0.4625
4 0.1 0.12083333333333333 0.19583333333333333 0.24166666666666667
4 0.3375 0.8416666666666667 0.2791666666666667 0.30416666666666664
4 0.7791666666666667 0.6125 0.24166666666666667 0.39166666666666666
4 0.09166666666666666 0.8291666666666667 0.18333333333333332 0.26666666666666666
4 0.6666666666666666 0.05416666666666667 0.225 0.10833333333333334
4 0.625 0.9416666666666667 0.225 0.10833333333333334
4 0.5 0.5 0.9958333333333333 0.9958333333333333
4 0.875 0.85 0.24166666666666667 0.25