4 0.7375 0.7237569060773481 0.12083333333333333 0.24861878453038674
4 0.09583333333333334 0.6353591160220995 0.1625 0.2596685082872928
4 0.07916666666666666 0.4143646408839779 0.12916666666666668 0.16574585635359115
4 0.4791666666666667 0.4972375690607735 0.9333333333333333 0.994475138121547
4 0.8708333333333333 0.5966850828729282 0.125 0.19889502762430938
4 0.20416666666666666 0.143646408839779 0.2 0.2430939226519337
4 0.5083333333333333 0.8674033149171271 0.475 0.24861878453038674
4 0.8708333333333333 0.30386740331491713 0.14166666666666666 0.3701657458563536
4 0.7791666666666667 0.4696132596685083 0.13333333333333333 0.23756906077348067
4 0.6416666666666667 0.850828729281768 0.20416666666666666 0.20441988950276244
4 0.225 0.7955801104972375 0.1 0.34806629834254144
4 0.7416666666666667 0.16574585635359115 0.11666666666666667 0.3314917127071823