4 0.83125 0.4267515923566879 0.24166666666666667 0.37579617834394907
4 0.49166666666666664 0.37261146496815284 0.18333333333333332 0.17834394904458598
4 0.6645833333333333 0.732484076433121 0.13333333333333333 0.24203821656050956
4 0.49583333333333335 0.8248407643312102 0.3416666666666667 0.2484076433121019
4 0.3875 0.20382165605095542 0.125 0.3057324840764331
4 0.5125 0.5 0.9 1
4 0.025 0.3184713375796178 0.0375 0.12738853503184713
4 0.29791666666666666 0.31210191082802546 0.2125 0.2484076433121019
4 0.54375 0.15286624203821655 0.17916666666666667 0.27388535031847133
4 0.23333333333333334 0.554140127388535 0.30416666666666664 0.3248407643312102
4 0.6354166666666666 0.43630573248407645 0.12916666666666668 0.19745222929936307