4 0.3145833333333333 0.6104972375690608 0.1375 0.18232044198895028
4 0.6666666666666666 0.1574585635359116 0.13333333333333333 0.17679558011049723
4 0.60625 0.7292817679558011 0.15 0.20441988950276244
4 0.36666666666666664 0.45027624309392267 0.14166666666666666 0.1878453038674033
4 0.7145833333333333 0.8176795580110497 0.15833333333333333 0.20441988950276244
4 0.76875 0.6712707182320442 0.15833333333333333 0.20441988950276244
4 0.7666666666666667 0.494475138121547 0.15416666666666667 0.19889502762430938
4 0.73125 0.3287292817679558 0.14166666666666666 0.18232044198895028
4 0.5979166666666667 0.5220994475138122 0.12916666666666668 0.1712707182320442
4 0.42083333333333334 0.43370165745856354 0.25416666666666665 0.281767955801105
4 0.475 0.42265193370165743 0.14583333333333334 0.19889502762430938