6 0.5318471337579618 0.5270833333333333 0.10828025477707007 0.07916666666666666
6 0.6719745222929936 0.5729166666666666 0.1592356687898089 0.0875
6 0.29936305732484075 0.07083333333333333 0.17197452229299362 0.10833333333333334
6 0.12420382165605096 0.08125 0.1464968152866242 0.09166666666666666
6 0.5764331210191083 0.09791666666666667 0.15286624203821655 0.075
6 0.445859872611465 0.15416666666666667 0.1337579617834395 0.10833333333333334
6 0.22929936305732485 0.44583333333333336 0.14012738853503184 0.12916666666666668
6 0.21019108280254778 0.5291666666666667 0.21656050955414013 0.0875
6 0.3853503184713376 0.48125 0.1464968152866242 0.14583333333333334
6 0.4585987261146497 0.6979166666666666 0.1337579617834395 0.1375
6 0.7707006369426752 0.7916666666666666 0.21019108280254778 0.19166666666666668
6 0.8535031847133758 0.6458333333333334 0.12101910828025478 0.12083333333333333
6 0.7643312101910829 0.3145833333333333 0.12101910828025478 0.09166666666666666
6 0.7802547770700637 0.15208333333333332 0.1337579617834395 0.08333333333333333
6 0.9171974522292994 0.21458333333333332 0.1337579617834395 0.13333333333333333