7 0.21875 0.5817610062893082 0.22083333333333333 0.3836477987421384
7 0.48125 0.6572327044025157 0.3333333333333333 0.5094339622641509
7 0.7145833333333333 0.5943396226415094 0.31666666666666665 0.49056603773584906
7 0.7979166666666667 0.2358490566037736 0.2 0.34591194968553457
7 0.4979166666666667 0.21069182389937108 0.2375 0.4025157232704403
7 0.2833333333333333 0.24842767295597484 0.24166666666666667 0.4025157232704403
7 0.60625 0.5880503144654088 0.175 0.25157232704402516
7 0.9354166666666667 0.5754716981132075 0.12916666666666668 0.3333333333333333
7 0.09375 0.2893081761006289 0.18333333333333332 0.3270440251572327
7 0.64375 0.2169811320754717 0.175 0.4025157232704403
7 0.825 0.8459119496855346 0.30833333333333335 0.3081761006289308