2 0.6888888888888889 0.7 0.18333333333333332 0.10833333333333334
2 0.36666666666666664 0.6583333333333333 0.12222222222222222 0.08333333333333333
2 0.17222222222222222 0.39166666666666666 0.06111111111111111 0.08333333333333333
2 0.36666666666666664 0.39166666666666666 0.09444444444444444 0.06666666666666667
8 0.8222222222222222 0.49166666666666664 0.2 0.1375
8 0.8722222222222222 0.6666666666666666 0.17222222222222222 0.14166666666666666
8 0.21666666666666667 0.6 0.16111111111111112 0.0875
8 0.5111111111111111 0.45 0.17222222222222222 0.1125
2 0.19444444444444445 0.9333333333333333 0.07777777777777778 0.0625
2 0.9111111111111111 0.9333333333333333 0.13333333333333333 0.1125
2 0.8777777777777778 0.375 0.1111111111111111 0.06666666666666667