2 0.625 0.7270833333333333 0.2111111111111111 0.1375
2 0.32222222222222224 0.63125 0.14444444444444443 0.1
2 0.21388888888888888 0.33958333333333335 0.08333333333333333 0.09166666666666666
2 0.4027777777777778 0.3729166666666667 0.1111111111111111 0.07916666666666666
8 0.8166666666666667 0.5458333333333333 0.2388888888888889 0.16666666666666666
8 0.8138888888888889 0.725 0.2111111111111111 0.16666666666666666
8 0.19444444444444445 0.55 0.18333333333333332 0.1125
8 0.525 0.45416666666666666 0.2 0.1375
2 0.07222222222222222 0.8708333333333333 0.09444444444444444 0.075
2 0.7694444444444445 0.9625 0.16111111111111112 0.075
2 0.9055555555555556 0.44166666666666665 0.12777777777777777 0.08333333333333333